6506
33043
37595
6867
8469
26901
12443
19452
44262
16119
33245
40545
41680
49579
33240
24767
648
47000
14197
33825
42290
41017
47839
14378
17511
5383
16782
6064
28390
23118
19337
25951
16399
24097
42635
7050
33619
40748
21787
11932
11339
42191
27310
26020
11105
10046
43954
18067
4505
15688
23739
23382
2992
10063
30374
35486
19457
34539
27288
34284
31371
2758
42445
11315
27068
32574
25068
4142
2598
23270
7062
46541
35022
43221
11262
38556
23491
27535
26317
19672
21052
25806
48208
42851
18407
3487
31383
2725
48445
45735
4455
5800
45969
11358
27363
36447
18268
15610
1535
40799
